10000
-223
-8301
-9923
1712
-8774
7623
-5506
7997
-1875
-6327
7989
-2656
-6100
7833
-9411
2126
5943
-9121
4478
7678
225
743
-147
-2409
-9450
-855
4853
9128
-1949
5228
-2386
-3860
4689
-6265
-1183
-8895
5801
-6517
5063
-8946
5481
1802
5273
-189
2225
-2798
-9194
4218
9616
4109
7215
5735
3696
-8843
6557
4937
6833
-8294
-3268
6843
-569
3303
-6006
9306
-6842
-9372
-4499
2354
-3245
5043
-4424
-2685
9453
4702
-2926
9255
3137
4879
9855
8887
4378
-3051
1524
-2420
-5198
553
-1760
2371
-7386
6189
2351
3366
2935
3759
-7598
8126
-4663
-2226
8190
8824
-2287
-4550
1425
-983
7150
-7842
-9498
-8993
-9528
-6980
-8732
3915
-1479
341
-5220
-2561
3182
-8470
8355
4690
-3014
3187
-927
16
8821
-5730
2297
5618
7777
-459
4647
-8251
2815
1323
-3437
3377
-4477
9782
7539
-3284
64
7411
-3397
-3226
9682
-7679
-7714
-8256
5953
-6352
3285
-4696
7826
1706
-9950
157
-6551
1113
2589
-2544
-6224
-8953
8188
-3673
-4072
444
8479
3693
8219
6353
-5591
6100
-8452
-8723
-7145
3997
-8326
-334
-7408
9930
6486
3873
-1432
-6199
-8223
-4073
-3024
3837
-2793
6926
879
-3209
-513
-6510
3398
1747
-7572
-1354
-5132
-427
-1323
-5648
-6560
1404
5264
-6745
9757
9305
2053
-4352
-4447
-8917
4578
412
1097
4702
-5560
4148
-2635
-4208
-8151
2974
-5055
842
-8284
-5919
-6516
-976
-6179
-31
-7026
-1799
6567
-8061
-239
-6943
7894
8768
-1097
-2981
-8270
8972
-200
7295
-8178
-904
9664
6704
-1433
-9035
-1797
-4247
-390
-4884
-7692
-9514
-7080
6957
-4567
9035
-7635
2456
-3708
-8312
-958
5881
-9872
3965
6685
-5020
2417
-1117
-7175
5853
8804
-9109
-4162
-6682
8271
5566
702
2544
-3431
-7819
5323
1675
2671
4228
-8604
-7583
8089
2238
1538
-8716
-9763
6588
-4639
-1669
6971
8024
-8606
-880
8829
-5826
7542
8874
7581
-2816
-3393
2034
-2405
3677
-3718
925
-4736
-2959
-2010
-962
2750
1948
495
6849
1088
3619
3502
-7457
-7291
-5293
-9846
-3433
9601
2257
2712
1549
7243
4469
-4652
-4187
-5955
-261
-5749
-221
387
-1663
924
-469
1441
160
-6326
-114
9707
2164
2772
6506
-209
3996
9591
-9054
1127
9647
7574
4233
-5371
9400
-9696
485
-1844
3781
-9401
-131
7427
4293
-797
-6303
1737
-7127
-2071
-758
-5090
8601
4807
7961
-4919
9325
-8025
3607
5054
-8688
2556
7757
-4005
-7109
-9036
998
-9525
6712
-404
-5366
-2178
8827
-505
-3517
5474
8185
3424
-4532
393
1293
5094
7049
643
-2360
2093
-7610
-1242
-401
-1476
-1461
-9083
2141
5256
-6870
7164
-2688
-8434
3448
-8870
-9609
1273
6629
-4427
-6222
-5780
9983
4149
8977
3688
-690
625
3785
903
293
-1670
-6073
5263
-3659
-5355
-7174
-8725
7843
-8711
-4083
8048
3872
8833
-8911
7057
7014
-64
-3428
-3963
6520
-6840
8886
5599
-3601
6874
9430
5097
-981
-6745
-4449
-5735
8239
-4216
-2356
3876
4675
2747
4284
6608
8373
1111
-6523
1944
-2344
-561
-616
2779
9628
-3457
6155
-3181
7754
1824
8856
-371
4255
-5085
-73
8237
-4024
-7566
-8332
4443
-6818
-3375
5788
-442
614
2004
4684
9409
2347
-5333
-879
9332
4770
6970
9245
2886
4841
-8652
7438
8270
-9959
-8630
1992
5554
-649
6445
4781
-5517
-9560
-7490
-4748
-2096
2360
-5655
9995
-8076
7096
-7539
-5240
-3991
5868
-3333
-9608
-3364
-7401
7155
-2347
4943
2215
6955
1975
-8249
3453
3290
2190
1051
-9093
6706
-8572
1886
-9219
8756
-5419
5666
-2746
520
-3340
8744
2971
2546
-1309
-5783
-484
1828
4175
-3399
-6184
-7907
-4334
3449
7640
2584
4795
-3320
-8786
-2560
-283
-9596
-3585
138
3691
4792
47
-1251
7981
-2838
-1734
-9018
-1616
9888
8777
4450
-8371
-6191
3414
-9355
-3271
9093
7531
7156
-9137
6100
-9278
6731
-9584
5261
3813
3943
8118
9727
-6357
-8763
8633
-9071
4605
3942
3835
3181
-7418
3783
5071
5238
-1088
-1882
-6056
169
7524
9626
2834
9393
-5852
6225
-5457
-8447
-286
-1812
8652
-7308
-8798
7383
-612
8489
-3693
-4578
-130
-3516
-223
-438
-1278
9313
-1572
-7901
-7743
-3315
2765
-5720
5021
-1127
-6422
8054
-5244
-8221
-5583
-6782
-3388
1715
-5505
-1093
-9316
-9769
4017
-4296
-6542
-3803
-8385
980
-2411
3150
6102
-5166
-204
5922
5502
-1366
8071
-8373
1314
6683
-7764
-1748
1345
-6208
-5272
3582
5850
-8038
-5212
9358
6933
-4791
-5286
-1302
406
-124
4765
-7106
285
-5102
73
5504
-4168
-7716
5320
-9051
503
3797
-1020
7126
4607
-6362
7653
5993
-807
-7441
4073
5683
7824
-6095
5115
5987
-5723
4354
7678
-2312
4481
-5985
5481
5297
4759
6217
-2307
5874
-8561
7859
5789
-2751
9319
-6696
8484
-2341
935
-1583
-935
7028
-6908
374
-9734
-9430
-3548
-3556
-9240
-7231
-8274
8299
2130
5697
7954
5337
8472
-2833
-2425
5830
5358
-2346
889
5699
-4464
-8241
8274
599
3063
3569
6905
-298
7198
-3526
7192
5949
-3481
9996
9432
9510
-2793
-7980
-9214
-8145
-3090
4000
-2763
-326
2084
2867
6435
7186
1935
-6688
6673
-4638
9858
5983
-2312
-1812
-1940
2036
-163
-1405
8191
5632
8893
-127
-5751
9207
-1042
-30
363
-7020
-169
-5808
-1026
-5898
-2081
-2304
-9027
-4893
-9027
-4237
5665
2873
4560
-9720
-7750
7956
4811
-7612
-711
8296
-2855
-546
-5914
6438
2117
4683
-732
-4723
1540
7214
-234
-8856
-2447
2755
7131
-4808
7170
-8016
3794
1305
7822
8866
2422
4633
-8708
-2634
-5709
9052
9817
6161
6622
-7016
-6570
3074
-4707
7409
-5691
8628
8775
-738
471
1417
-5920
8215
2129
2061
-1673
7459
9182
-9487
2726
7229
-5328
908
5572
4600
2989
3043
8264
-2370
-4653
-1417
6983
8030
-1749
-3572
4497
2665
-7990
-7319
-4444
-303
6588
1152
5491
3125
-3662
-7769
-930
-5044
9013
-9888
8796
688
1966
-234
-4859
7798
1757
4049
-5174
8273
7546
-7771
9692
3754
-5789
4893
9405
3746
-3583
3811
-2038
-5541
-6835
1459
5814
7629
2424
-6944
-6333
5206
-3481
-3423
-6261
9000
-683
8494
-6437
6310
-4354
4449
-7348
-4355
152
7961
9101
-6153
619
2813
-5347
7986
3311
4385
-3099
-9000
-1194
-122
818
-4743
4419
-953
5490
5180
-2738
-5179
-8715
1416
-1661
-8952
-47
8324
-2292
6035
-794
-1225
417
-5608
301
2099
6091
-4628
2192
1545
-4884
3529
279
8590
-6267
-2878
-1231
5790
5448
-7906
3722
5939
-3729
5494
-3127
-5730
3421
8177
7248
794
-9257
6411
-6868
8847
5085
6376
1399
-3419
-7108
-6190
5326
2828
3418
-8189
-2489
8250
1599
8907
-228
-4624
2995
-8645
-7681
9131
-2282
3070
-5484
-4140
173
-636
1013
9449
6111
-6382
6453
9324
-8332
9578
4578
5593
-7887
4953
-3126
1075
4053
-6993
-7928
6830
4459
-6372
6643
-4184
-1965
-2739
1057
-5968
2394
-2026
-4978
-6482
432
6197
-667
-7467
-6838
-8243
-4788
-2985
-449
-5352
2033
2252
-103
3687
-7064
6596
-9462
4585
-1464
-9596
-3374
9615
8133
-8108
4615
4407
-4808
1898
4280
3953
2431
-1858
1107
-2860
-530
-8392
3470
7341
6922
5498
1645
1254
-1804
-6180
29
-6877
3896
6049
-7237
5208
-1559
-3345
-8983
-3983
1800
-4576
-7290
-3381
428
1655
7878
6257
-5515
2446
-4822
-1811
-7060
-1231
-2041
-7268
6072
5520
8065
8123
-7202
1161
8878
9209
-1975
9209
-4239
9435
-3127
1670
4750
8406
3974
8362
-6597
-2080
-2503
-3542
-4475
9245
-7106
4380
612
-1074
5209
-4523
-7815
-8491
2092
4929
-9914
-5868
-9685
-6948
5946
4761
9195
6284
-3421
-9717
6696
2922
-2559
9619
2770
-8887
2500
2687
2556
-897
-7706
9497
-9616
-7421
-9512
7780
-6156
-6013
-4483
2843
6664
-2605
-583
1418
-6620
8233
-1099
-7541
3523
-1239
3804
-1711
5199
5737
-1913
-4418
4976
3251
5770
-11
-4397
-5457
6865
6558
-3329
-2350
4790
9859
7820
-3882
-6249
-8989
-1972
9124
9681
345
-9309
-9283
4808
-8406
6719
-2733
5748
4648
2971
-4601
-6217
-9333
8479
3205
-4622
6440
-77
6580
1546
-755
1080
-28
-9347
-5262
-8781
-7746
481
6101
5015
7406
2743
2230
-619
3638
-9932
-7606
5045
2999
7011
5507
-855
-861
-7913
-7538
1906
387
2865
8280
3521
-4369
-889
2841
6328
-5149
3413
4747
-1671
-8414
-9854
-3809
2754
7680
8842
6573
-7629
-9817
-4592
-7076
5840
630
181
1706
8544
2552
-9589
-4694
2175
450
845
-5487
7420
7246
8188
-9228
-167
594
-6105
9664
-4267
1081
3898
-4118
-2188
-2916
2444
-2232
9008
-2461
-3618
2434
7413
480
2799
-7948
-1411
-6011
9770
-5611
7156
-24
5345
4049
-3430
-3809
7664
-4871
2035
5118
-5879
4893
772
6331
4838
7373
-2958
3827
-7666
-3000
-2355
5276
7623
-5409
-179
-4062
-8424
-1437
8652
-5874
7659
-5146
-5485
942
-4984
4602
7201
9664
6530
-6914
-4116
-616
-7474
1254
3924
4129
-5434
7960
8349
-2086
8010
-4612
-2696
-4897
2742
9418
3032
-1792
-2355
-4176
-2347
6678
8638
-1316
-6032
-6283
9528
-4716
-5884
1154
330
1568
-1743
741
9324
-7157
9283
9736
-8321
4945
2462
597
441
-217
3848
7219
-9805
3696
7029
-7855
7571
-1726
-9906
-7101
1965
-9371
1544
9277
3739
6672
4678
4786
-550
6567
5540
3377
-6314
75
4439
778
-5028
1013
1495
5448
-480
6180
7622
2709
-3452
6152
2488
3291
5755
6381
-3921
-7516
9930
-4914
2579
-2146
9659
2384
-3220
-1040
4308
9257
275
8674
9524
-8854
-2440
8638
972
9502
-8092
8215
8985
8852
-4942
-5246
-5538
-1411
5713
-3342
-9072
2510
-3595
4058
-4011
-5286
1232
7403
5014
3662
-8586
4907
-425
6610
4719
-7142
-9924
-6221
-3882
-2662
9567
-183
-4858
9743
698
3523
-8628
1193
-1349
6089
-5294
6269
7305
9570
-6478
-6910
6396
-963
7171
-1229
1327
8030
4209
-7253
-3953
3237
-4694
5189
-6358
-6627
-425
481
1123
5441
1545
9692
-111
-7898
8980
3500
8719
-9879
-6151
9575
-380
-7919
-7797
6650
7326
4704
5307
-6447
5326
7374
6377
-6323
7554
-3382
-8190
4521
-2355
-4180
5009
3503
4173
-3420
6107
813
-8272
-9921
674
-1642
-7232
-5517
-139
3456
-4261
870
8663
-9067
9151
2913
2847
3187
5336
2762
6780
3177
-2732
-8318
8605
-1591
-3980
7161
-3416
-8697
-9372
-4709
-5360
-4678
1457
476
-5782
-1352
-5619
-5734
-6628
-1552
-1116
7382
4005
5409
-8197
-149
7085
-1559
6725
2893
7576
1704
5779
-9903
5889
-9873
7173
5024
5593
2799
-1430
-1322
-4826
6164
5618
539
-4135
-9270
7091
-2639
10
-8933
2956
-3256
5531
-6285
57
-1994
-2573
-1166
-313
5750
2503
4634
-4609
3075
9035
7731
-8391
9451
8499
-6153
1903
6037
3551
6954
-7757
8323
-3920
-6788
-3952
-1596
-6625
3115
-3063
-2830
-7936
-24
-3276
-5977
2595
-926
7183
-6297
1678
78
923
-8067
-6934
6449
-5230
7971
3058
-4900
-8704
810
4571
-8705
5873
7634
5218
-8315
-8271
9983
-1053
-6855
-3918
-6913
-231
2618
-8541
-8263
6848
1334
-9577
-8756
-9120
1255
-6661
9835
-6276
8121
-7417
7342
-7886
-1852
3737
-5769
2447
-2337
7015
-7142
9289
5903
7937
1342
1996
926
3086
6560
-1932
2012
-8672
-3972
-7896
-6982
-8211
5891
2478
5617
6497
7066
7928
8318
-2108
-9653
1968
-8839
9846
8646
-1135
4892
6788
-8127
-6407
-36
-6024
6090
6476
1709
-9618
7300
-7621
8677
2771
-3550
-6491
-7639
7246
-8022
9386
-3419
1637
5136
-1786
2692
1758
-1810
468
2753
5593
1069
1002
-9717
41
-1619
-8600
9989
1831
7834
1304
9620
-1380
-5285
-9354
5833
-1881
298
-3630
-6302
5580
8397
-9243
-3956
-51
-1492
5895
1522
-4341
-2885
7601
-7460
5884
7338
7182
1890
4383
-9773
-1406
8396
4538
4747
9879
1272
-2273
8468
8207
-3026
1069
2011
2527
-2050
-11
-1057
-7447
-3498
7226
-2249
4385
2027
569
-1660
6051
2979
23
-859
-7201
-7253
-6687
-8469
-5279
132
-45
-58
9819
-4973
-8407
7946
-1370
2640
738
-974
-3504
-1523
3702
5859
139
-803
-7295
-687
-5733
8134
-347
7673
9244
9557
-8063
-9272
-6860
-4186
-1155
4318
7796
-8182
-5610
-3958
-7323
-5249
2046
-5714
788
8329
-7812
-1783
-3852
3340
-3106
-1672
1217
-3062
-5650
-9693
-7896
-7139
-2095
5327
-5819
-7332
-1
-5028
6640
4052
-5098
-3582
-9850
2599
-4671
1728
5145
2200
9566
5793
-6253
-8910
9353
3287
168
-7844
7145
715
7177
5365
-3082
-5396
8276
-1757
-9513
-6279
-809
9139
585
-2643
-9838
-6455
-581
-2824
-8574
4694
-9276
5028
8646
-4418
4870
-3779
-170
2240
6427
-680
9208
-4568
-436
-6811
8810
-7976
3595
-17
-872
7623
9404
2605
4163
7115
-8973
-3642
512
-9537
-7735
-2911
-2097
-8816
8607
-1693
-812
-7150
610
-6604
-4522
-881
-1572
-1690
1386
4276
4535
-1016
-2706
1505
8875
6375
-1298
8305
-843
-6029
2005
1490
-8567
4580
-250
-1844
6569
7399
-2966
-338
-6152
1067
-2204
-6175
10
-3192
4294
9918
7832
-9726
-5867
5289
-6045
968
-744
5986
6343
-8166
2271
-8063
2607
2905
-625
-4284
7988
-3687
2034
-1801
3954
1801
-6555
8708
4643
-2741
489
8221
5946
-4464
-3591
-4583
-8593
218
3098
4271
-8127
7216
2860
-7818
-6838
5715
9807
9767
-7948
-2360
2354
3419
8952
9844
2708
-6259
-330
2261
-8750
5111
-7366
5837
4422
1225
1984
-9679
-3000
-8063
2391
-5922
-7610
4635
-9340
406
-506
7564
8351
4420
1852
-604
6822
-205
8013
-1142
1504
978
-9775
-7946
-5706
2613
-9433
8768
-9769
9017
7844
-321
7463
3872
-9335
7458
-2135
-4943
-2385
-1423
3064
-7220
2032
4386
-1253
827
7449
-1128
7903
8649
6640
1177
-6384
-3486
1872
4698
-3750
1243
-8411
-9182
7208
-4888
-5593
-6204
4593
8554
2588
2521
2749
1107
-8162
1891
-5435
-6708
194
2175
6344
-4374
9985
-1141
-6339
9281
-461
-7699
-1412
-9812
449
-9011
-9911
-1348
-4301
-333
-8246
-327
5862
-5830
9656
2821
-7695
19
6247
-6218
-3387
1913
-3200
-502
-6411
-6353
8729
9295
190
-2465
9128
-8722
6884
-7957
3747
-1412
2710
1011
5248
6730
-3708
3484
-4505
-8899
2350
-4887
-3068
5874
-1008
-3432
-3771
-2396
9262
-324
4856
6867
312
-8089
7866
-261
1682
8264
8303
-6318
-8637
-1914
-4982
-8915
7823
-128
8254
360
-6669
-9521
-9844
-6583
-1430
7145
-4855
-9159
-7185
-3055
-9954
6059
-1513
7500
-74
1491
-447
-9466
1195
8263
7266
1107
-251
-5696
7365
-9608
8344
-3877
-8410
-7819
7218
-7080
-8246
8953
-3770
5510
433
-1082
4993
9047
886
2900
4210
-1356
9159
4477
-2133
819
-4482
4567
4706
-587
-7679
-3321
2088
-7036
-215
-6481
9297
131
-2680
-4286
-7529
-9450
-2500
-580
2846
8557
-1434
9084
4591
7979
-3803
8197
-7092
-8021
6192
2022
9985
-7488
-439
4718
3743
5748
-5764
2510
4008
-8872
-1191
7961
-9230
597
-8899
2425
8810
-7456
-7804
-9765
-6130
-3235
-2902
-4720
-1615
2009
3755
5442
9829
546
2507
-9975
7739
-7163
2404
-2955
8785
7623
5960
1585
8430
-9488
1545
8272
-2894
-5535
7873
5218
2820
9976
-1333
-8415
4300
-6974
-6895
-8392
-6882
6000
6763
-7633
7975
4413
7242
-9500
9986
-5393
6210
9598
630
-3314
1511
2408
-9130
7013
8611
1289
-2494
-8365
-5791
-1015
9680
7844
-4124
2053
5324
-1155
1280
2852
3890
-4297
-2026
4500
-4554
4032
5539
-3991
6993
-1703
-1779
9024
-9578
4550
884
185
4869
7817
5790
5748
9308
-7554
2777
5895
-3339
-1114
-5412
4884
-6099
-2233
2548
-790
-7413
965
-6860
7022
-4184
2639
-2392
-228
-3662
7802
21
-6365
2664
4632
-6705
1209
7516
4358
431
7437
30
-2986
2622
6750
-8838
6189
5076
-6827
1238
-2015
-2861
-1998
5783
-2383
8404
1802
4380
-5252
5220
-869
-8932
-704
5170
-9965
-3712
-3402
1885
9092
-7743
-2210
-9439
-221
1517
2373
-2507
6653
-1982
3898
1607
2285
-2185
-6991
-2462
-149
-1946
8628
-9433
5696
-5517
1099
2216
9339
-9876
3673
-334
560
7586
3132
6731
4453
6972
5111
-7714
-4287
-7880
4842
-9148
2770
-5839
-4596
-3197
5740
-5088
5695
2049
5818
-9238
-1209
2190
-4833
-45
-8296
5193
-7904
-4202
-1917
-1229
-2312
-1460
-21
-9885
3900
7389
3200
-6854
7843
9862
-4227
2390
650
204
-2965
3062
-7049
9713
-6310
6512
9601
2303
7462
9929
4404
-7886
-1943
-4604
9689
684
-2041
4903
-8541
-6523
-2267
6011
3146
-4490
1429
-7297
4026
6450
3337
-76
-6702
2264
6148
7744
8919
-5636
-175
2746
-1243
9194
6683
-5785
-3412
5188
-3023
9793
466
8677
5241
8191
-9664
1050
640
7294
-1392
-3779
6992
-5421
2937
3316
1214
-8777
-3226
462
-6229
77
-6359
3380
2683
1337
-8683
9261
-6524
4633
2532
8121
6514
-2528
2876
-3227
-8841
6738
8838
931
7770
554
-3741
4188
-4068
9937
726
7414
-3597
2362
2289
8512
147
-944
1291
6900
-28
5227
-4968
-7810
361
891
-1470
1668
2765
6676
551
-4106
4078
9351
-2994
-6294
-5505
-7098
3713
3019
2965
9045
1787
7462
-2985
2945
-1942
-4654
327
4580
617
-3214
-8425
-5729
-5520
5840
1130
-6244
-5369
2455
-3525
8496
437
5228
8438
-7801
8243
-4467
4708
443
429
-9737
2026
-8166
6646
-8760
-2813
-719
-1331
-1327
-6011
8841
-6880
-8857
-1228
-8270
-6710
6326
7267
-1848
-1918
-7569
-9448
5014
8045
707
-5128
-6390
3374
-394
-9268
7872
8498
9100
3185
-6051
-452
-5842
2086
-2360
430
5150
-6844
-5348
6778
-700
-8651
5902
-7757
-5014
403
-2866
5526
5155
-3814
5654
7532
6434
-1362
9223
288
-3083
-9398
-1267
1982
-2010
-3718
7997
748
843
1158
-6547
-202
9615
-1253
1956
-3119
-9595
4877
5659
-1539
-2852
-5715
9514
-5771
-2762
526
-6525
-2149
8044
-8857
-966
2871
6924
3625
-9749
8877
8562
9257
4078
5317
-5008
-2143
-2148
-4466
6933
-8439
6464
5216
-3641
150
-3557
-1518
8663
-347
5820
-9873
-3451
-4380
-3508
-2918
7910
-9669
-2464
2406
1242
-4345
1820
7391
-7378
5798
-5451
8430
-3470
-839
-1380
-8651
-2444
-238
2200
-5674
3949
-7855
-6325
-7612
-9342
7241
7033
-2938
3085
-1911
9369
3705
7514
-81
-9219
-5786
344
6538
1583
1928
14
-4968
-5113
5939
9147
-8517
-3902
4438
-8495
-3284
8807
2232
-3895
7882
7610
3062
228
-3307
-4420
6071
-1931
-8890
-1656
-5049
-4923
-7594
8212
6834
-3960
3995
-1261
2074
1753
-3119
-3163
-9235
-6863
8523
4923
3036
-9296
1321
1455
1882
-65
5474
-4517
4860
-6074
6546
-2273
-2620
-4337
-4102
4222
9753
1582
6965
-6763
-6184
-3583
-5688
4303
-8189
6232
2694
6921
6174
2218
-6239
3734
7401
4401
9391
8974
6789
-9623
-7640
2932
5490
-2372
8950
3589
2319
-2944
-9478
4429
-501
-6269
-4063
-1606
7569
4929
2375
6600
5548
-8710
4188
-3643
-7544
4997
4537
-8094
-9895
-7628
7790
4047
8289
8449
-2541
9048
9688
2611
-7965
-5325
-8945
-2294
6662
9213
-83
-2559
3932
8871
7313
-9880
2220
1909
-7078
-9809
2994
-982
-5309
2018
-6487
-1477
-4475
-304
-6838
-9144
-2534
-2252
8369
4781
-1589
-3869
1970
9453
-2410
-2386
-1139
-3503
8909
999
3435
7267
-2881
-5313
4455
-7525
-4914
8849
3909
-3158
5696
-8105
3289
-7822
-262
4042
-166
-2606
1755
-9908
6035
-4448
1450
-6427
7835
-4234
5987
-923
-1018
4780
6285
1022
1422
5897
7577
2274
8251
1488
-8104
-2867
7227
1480
6215
4766
-2863
-9549
5716
4486
-6175
-4928
-6523
8409
480
1290
8379
9631
4123
1231
-6876
6825
-6958
-8829
-6276
-3686
-6
5653
9191
7923
-1690
6682
7741
1378
-4898
-9397
-851
5778
-5134
-9816
-862
-9338
6888
4080
-439
-9067
2800
-4804
7694
2949
9445
6600
-3541
4274
-9547
-8786
7500
-3777
3798
-3322
-5889
7273
2215
2834
-4769
-1559
6933
-6463
7411
1803
9475
9415
8569
-345
5196
-7061
-9157
9529
-607
-3904
5629
-2940
1045
-615
4688
2274
-3888
4997
8685
4865
-5810
3738
-5370
-597
3406
4211
-5377
770
-9756
-3170
1294
-4104
5381
-5263
-9896
-1189
1880
5536
4569
-7249
-5208
-1710
-9846
-3641
-9399
9924
-7277
9353
613
-7933
-9096
2642
-1682
-8586
-5778
810
-3412
-4234
3185
1249
6739
-3446
-8085
1915
5238
-5064
-544
9429
3270
-6178
-6489
-3030
6060
2041
-6558
8326
5655
-5054
8983
4221
9783
-8420
9318
-4303
-3472
424
-9790
998
3126
-5111
-8869
-5535
980
8250
-4501
-8247
8735
514
-3245
-6902
-9378
2806
-6668
8584
3705
2636
429
-9648
6742
2635
-9979
807
-2969
5944
9612
2342
1284
5187
-2565
2869
-7412
1419
-5310
-1915
4070
-8405
-9165
8218
-8768
6396
6513
-564
4839
-642
-9720
6700
-6954
415
3894
-5221
3031
5772
-7978
6626
2406
4682
-9050
-8062
8179
-8310
7418
-5414
-7980
8233
6018
-1114
820
410
6508
4937
3476
3611
9711
5111
7913
8028
-7779
-8470
5297
-3418
-8919
-6143
-5866
7759
-8721
8981
-5311
-7389
-5752
-8150
9603
4755
-5241
-1559
8565
-5582
6506
4569
4824
6506
-3047
6304
656
-6401
5441
-9608
-5120
-7793
4971
6388
3620
673
6121
7147
5434
-8108
9684
9385
425
2291
-9561
3624
-7080
-8650
1866
1861
-6328
1004
-1797
2529
928
-6574
-4539
-8546
8551
435
2674
4131
-5558
853
-2499
-6474
-9805
-5569
663
4167
6935
636
1416
-3392
9453
-5720
-6837
345
-6538
3685
-3509
2549
-3256
-9890
2989
-3446
5806
3466
375
-7556
5455
-5186
9660
5632
4373
2528
5914
8569
2842
4926
140
67
-1046
3535
3155
856
-4785
6562
-1458
-4195
6172
-9837
8830
4222
-1491
6331
896
8902
-9566
5492
-4157
-5789
-1338
-148
-8800
913
-703
-8781
7324
-6496
7624
-7929
-5517
8049
3670
-8681
-4978
6347
6466
-9817
2595
-6322
-3449
-2570
-6957
3918
9153
-962
-8049
934
8908
-1327
5491
5217
7599
7842
5027
3896
3614
-3030
1570
6156
5011
-7901
2283
6542
-4720
-5979
2330
-3145
-871
-363
-7032
-8849
3733
-5976
4328
-6344
-6099
9407
2841
2618
-7806
-1128
-8935
1458
391
5995
-9649
3585
-2020
-6597
-5055
4242
-7090
4855
6120
9472
1015
9508
1812
-4588
5721
-6748
123
-7282
9884
-4178
-4741
-8832
7873
-1860
-2502
-1118
8341
7089
-7889
-8225
-7761
-7085
-8294
-1726
156
7120
5988
-7020
8814
6903
-7271
1385
2025
3432
-5610
-5984
3773
-2845
-3323
-9321
8121
-4597
-2185
8318
2624
-6467
-9223
-1583
9238
9181
-7542
3357
4927
4080
9833
1358
7423
2675
-284
5890
1549
-557
-7511
7399
6981
-9451
-1751
7968
9359
-5548
-202
7913
-8107
4758
5094
80
3864
-5568
-9718
-7236
-5407
-6227
-7914
-3011
8154
-299
7259
2365
5559
1132
-7082
5266
-7944
5313
27
-7382
5716
7824
5534
-4037
6693
9183
7854
3107
8215
-6236
4853
-526
-6989
-1102
-8536
9478
9325
6844
3913
3740
-8698
-8362
1818
-8283
8332
9439
-1512
-7850
-1822
-6072
9011
4273
-8280
-5060
2770
2049
2447
7989
496
-5214
-6893
6608
9910
-6573
-8225
1191
687
-4394
-7121
-7390
4254
-2005
9453
-4885
-8036
43
-5258
-9696
6962
-2958
2840
-3174
-7232
-1738
3248
-2616
8167
-1575
-1661
1287
9852
-969
5130
8866
3407
-2104
6625
-5946
3108
6098
3271
1305
-9265
7113
-2491
-1136
3416
4081
579
-6747
-9112
-3600
-5152
3013
699
9481
112
-9652
2593
5530
-8042
-8279
-1184
4791
-289
6545
-701
-9134
9931
-2933
6423
8891
-2772
4751
612
3573
7673
5335
-2389
-963
-7210
1323
-7982
5396
-7947
3452
-3301
9814
2438
-2094
-6532
-939
-9942
7304
-4350
-8767
-3099
-9145
-7501
-1719
-5867
-6516
2741
4735
4146
-368
-8920
9109
9772
-218
2497
1850
1813
-4771
-4944
5829
-6117
4976
-8412
1750
-7916
8054
2016
3060
7615
5014
-6397
-5109
1655
-5383
2428
819
-9286
-8571
9646
-5853
-3231
3177
9593
2905
-5283
-7857
-5855
4417
3625
-3382
4127
-5446
-507
-8618
-5950
-8168
3618
1160
-4026
4648
7616
9173
-8384
1058
-3168
-6093
-8084
-557
-9504
1890
3143
114
6312
-322
7912
-1506
-1703
-3686
9743
-5511
-7
5636
8295
-6153
9685
7424
-1717
4912
-2484
7303
8969
6936
8355
1295
7280
-2976
5548
2046
4954
4768
7143
9475
-8313
-4618
-2610
9157
-7546
1650
-3976
-3214
5050
-1012
-7321
-8717
-1074
-568
-7349
1510
8511
-8731
-9280
-7975
-5143
9297
1802
-2030
2060
6990
3510
2471
3691
-6488
-926
-7796
-392
-9184
-1922
-5286
2406
-7681
-9322
-7136
9401
7857
2225
-129
-5202
-288
5375
5093
3368
-7079
5632
-8642
9721
5346
2084
-7134
-7743
1902
-1964
2766
3606
-6881
-9421
-3363
-4644
-4799
2039
-7993
-9249
-1123
-6158
-3300
3482
8758
-2840
2204
-3355
-1216
211
-9457
-915
3171
-4016
-7428
-8824
6756
271
9539
-9938
-1479
-7347
-8630
-710
9069
3146
8289
987
7054
-4014
-962
-2593
-1650
-1312
498
-4260
5771
449
-4431
-8440
-3425
-8051
-9111
9088
-7696
7512
-2203
-6723
-4285
-9103
-7326
9732
-1965
3792
-8389
-9441
-7924
-7691
7534
2274
4041
6180
5818
8794
-9873
-5338
-689
-3821
-720
-1961
6766
-417
-5303
7265
-5832
-7438
-1005
5507
1706
6050
-348
850
-5560
1504
2919
-1871
-8659
3205
-5100
7789
9675
2082
-1068
7831
2169
5979
-3909
7879
3915
727
-4083
927
-1716
-4060
-4549
8194
2261
1338
-2454
-1741
2951
7412
-382
2812
-8386
3534
-4682
-4794
3636
7491
5514
1807
7886
-6910
-2890
4222
-4725
-9331
8377
-2620
7509
8511
-7034
1094
-8527
-1615
-7948
-131
-1849
-3818
-3501
435
1908
-6693
-1833
2537
-8201
-4233
-8154
-950
-6031
-6141
1906
-5143
4459
-2331
-1673
-9112
-7532
6798
8543
-3044
6189
-7452
-6705
-4615
9754
6816
-5135
1420
-8138
9387
-5940
2109
388
-976
7867
7969
-6480
3849
4504
7578
-5489
-8856
-8560
-8444
5574
-2375
-7910
7886
1061
1554
6251
2296
-1160
3286
-6711
8465
-1400
8316
7358
-2173
4595
-1290
8765
-3907
-9436
3430
4228
8015
2899
-6756
9650
-5424
2360
-2396
6844
-9396
687
-4481
3945
1527
1632
8270
5794
-5948
-2371
1457
5799
7106
-565
4762
9253
2042
-9131
-6117
-2862
-2386
-6162
7418
9201
6769
4078
7313
2119
7744
-9637
-8428
7611
338
-5895
204
4105
-6026
7941
-8462
6774
-1299
2574
5685
-8586
-4123
9715
-7975
6855
-3978
8369
-8557
1860
-5548
-553
-9963
-545
-7809
8246
-6215
3950
7500
-3155
4834
-1331
4802
-1584
7584
1963
3157
-9430
3573
-1301
1900
9351
7502
-423
-9693
-4096
-9073
7832
9809
2045
4585
6108
-3785
-2869
7445
-9283
-6579
7418
-3122
-2541
-610
1860
6418
1060
-1574
7747
-3788
-2181
-6628
-259
-9632
9232
-1774
8995
-8289
-5332
-4655
-3313
-3618
-2561
9013
-5112
2678
6236
-6035
-6943
744
2456
-8576
288
-1870
-7030
4608
-8091
-111
7653
-1491
5891
-956
4749
2413
4232
-7052
2198
-5081
373
5552
4371
8156
-8915
1039
-3481
-378
8699
-1029
1300
-5555
-3765
9526
-7742
3888
-8430
365
-1151
-4706
-8218
-7072
-9348
-9178
4147
-5817
-9598
7406
-1105
1369
1898
755
-1121
3034
2735
1712
-5647
6097
-4108
6118
4697
-7289
-3328
6912
1493
-8494
-6855
8755
-2517
8317
-7785
4218
5326
-1492
7699
-2229
-9555
-1909
-5521
8087
9754
-5818
109
-5682
2134
8586
-7088
-1745
-8258
-6981
478
-1742
-2218
3636
-7028
-896
-6129
5838
1072
-2778
6348
8292
1105
-1160
7573
7663
1
-541
8288
9681
-869
-4280
-1457
1457
1135
-4827
5405
-7915
1262
8487
-3009
-6398
4635
376
3357
9085
-2091
7515
4356
-2338
2883
-1281
-1433
-5722
-9972
-1299
-6273
7260
5680
-2897
8535
4579
-2294
7318
-8272
3978
-7123
-1610
-2774
8189
5155
7998
-9525
1881
-4074
-5998
2942
-7058
2582
-2284
2058
-2112
-9949
1128
-651
-6960
-9291
-3435
1192
2039
3686
3473
9595
-1678
-1737
3993
-586
-9970
5688
3736
-9029
-291
7005
3509
-15
734
-8178
4640
-1155
338
-9983
-2568
-2578
462
-417
1299
4246
4749
1174
5
-6396
-4474
-3214
2182
-5856
-426
-1062
-575
8023
7257
6288
209
-6099
-2741
-5195
7266
6029
-9984
8349
-1892
5347
84
594
-1753
-7984
7624
2604
1697
9707
-311
-6854
-2687
-8709
3371
-4096
-5110
-7839
7947
-6132
4129
-7010
-1290
6006
-244
-9723
-6279
2663
-9889
-8924
1276
2510
8328
6751
-8023
-6900
-9317
-4601
-960
3032
-605
-4995
-3803
-4618
8546
-5538
8893
5837
-4883
3964
-9015
-2751
-257
-5209
-3599
-4883
8946
-7608
1875
1849
9558
4044
766
3267
-1038
-2836
8990
-2250
4791
8443
-2921
-6315
2625
5322
-9321
-4805
3929
-841
-8794
168
7447
2756
-5322
-9739
-8111
-3356
9916
-8526
-1856
-3402
-6228
-5346
-7454
4368
-6995
7454
3888
-4757
285
-8217
4861
-3509
122
-6796
-3636
8394
1287
-3046
-2241
3628
-1236
-3140
8475
-9116
-1774
6423
-9729
-6118
-2686
-8370
2030
4272
-8422
-5641
1084
-8786
9558
6233
-7651
2203
8640
-5484
-50
-7440
6862
7692
6330
-2596
7128
-3443
5182
-5169
-3769
9629
4051
-2499
1829
-8148
8696
-3841
-2806
-8090
5564
-1133
6203
4131
-9642
-1979
1924
-6730
-1129
-4440
-9722
-6500
-7442
3339
9635
5213
-2509
-7200
-5285
-3830
6794
-6885
8307
7177
1176
7922
-9576
-4615
7454
-8746
5655
687
-21
9275
9784
7456
8943
-5075
1873
4605
543
6352
-1195
-3813
2748
-5753
-8851
-5822
-1229
-7147
4890
820
4810
1178
-3171
-9232
4612
1818
9102
-6730
-6754
5687
-8629
-9955
6558
5642
-7394
-7434
4222
515
8232
1248
332
667
-372
2296
5475
-771
-6273
-1000
3104
-8791
7192
6472
5243
-9315
-2880
-2763
8426
4066
-7682
8948
-6442
4603
-9226
-8920
-4108
-4624
8099
6702
3888
-9235
-3025
8329
2263
-2991
-2722
5157
-2146
-9196
8095
51
-3346
-897
5947
-5757
4455
7367
1303
-2942
-7571
927
-9530
-2409
6662
2116
9675
2070
-5381
1534
9810
3875
851
-246
5150
-9999
-8073
1960
1392
3738
128
-921
2482
-7970
-2702
-2193
-9370
-5901
-8948
-7157
-7694
7809
1189
-8691
5401
-1131
-8301
-7285
9962
8461
-3337
8797
1581
9298
-7396
137
352
7709
-1322
-5684
6531
-8858
-1118
3506
-3856
-7098
2306
8837
4946
58
349
-7483
-2791
-7013
1828
-4078
-871
8897
-3002
5662
-2861
-5024
-908
-9515
-4640
2941
2308
-3231
-7838
7122
-383
6293
6322
6585
-345
6381
-1478
5867
6531
-4990
137
1379
-1041
-53
3708
6815
3767
-8527
1101
-7041
-682
6147
-3622
-9712
-6902
860
-3795
-6638
-6936
6885
8062
6798
8168
-7422
1900
-9292
-3556
3267
-8673
-2734
6580
4839
2650
-4490
-9165
-7965
-3491
7649
4982
-8520
-3235
-6468
1661
-5995
2867
-7130
-6685
7562
1400
-4405
6381
-2107
6813
8738
-1682
9048
2960
7890
3561
-8955
2130
264
2469
-5016
4077
3260
-7449
5863
-7397
-2860
-5301
6325
5229
-5563
6786
-3569
9434
-8512
3647
2160
4762
2504
-2370
7825
-6091
-5222
-7055
-601
7056
-8699
-2078
3868
-7002
-1972
-1193
3482
1847
3872
8511
-8440
9972
-4298
440
-4893
-6863
4457
-1788
-813
7811
7704
-5699
8480
-6646
-3364
-9837
-4340
-9339
-6300
5540
9522
133
6752
9958
4432
-7452
2374
8120
7386
8576
4257
7867
-2357
472
2023
-1186
5393
-3879
2572
239
4004
-1306
2138
-4502
-4275
-4175
-1830
5630
4943
1019
182
-949
5918
2064
406
6222
-9948
2050
3370
4976
-782
-5719
1309
-125
2024
4970
-9595
-4643
862
8072
-951
3240
6310
3835
9865
8222
-830
-3127
9953
3323
5683
-8082
5911
4670
1495
-4868
-4575
-1505
-8112
1283
4655
256
2361
367
6244
-1682
-8341
-280
-1186
1446
-6089
8079
2073
225
-3999
7097
9556
9481
-4894
-6764
3042
4492
1567
-7303
4969
-5974
2405
8310
-7784
8898
-5160
-2680
-9995
-9311
4204
-5300
-9965
946
-6328
6317
1766
8108
3600
3711
-7287
6095
-8744
-1281
8461
9327
-4499
-2389
-7679
4487
8700
927
4983
8205
-1839
-7993
7367
-1186
7322
-1180
2008
9778
9512
-4522
1894
-6881
9713
-5795
-1705
-9936
-2798
-8066
-4972
626
1194
1399
-1143
-5991
6336
4700
-5410
7800
-973
2371
8899
5034
7813
-6815
9565
9843
-4959
-9215
9569
-6406
4597
7974
-4716
2903
-2579
-5583
-2184
-1620
-2413
9847
9041
-6374
6304
-173
-7901
-9936
1440
-2174
7689
-8282
3730
-7048
-6298
-3440
9396
1812
6912
3635
9642
9109
-7262
8202
-4249
-4018
2952
-9369
9418
4962
1074
1194
6020
2824
4259
1159
-7991
5610
-3135
9171
-6000
8440
2461
-6981
7586
373
6265
-8987
-2664
-2070
447
289
8361
2791
-5902
-3096
-1790
-3755
1181
2372
3791
6073
2587
-5363
-682
8947
7497
8415
1529
4926
944
-9118
7929
8975
1679
9927
3090
7628
-2559
-9791
7212
-2502
-3940
-6216
5170
1157
2033
-1652
7592
7618
6497
2034
-6175
-548
7795
-9594
-9480
-1033
8091
-7690
3262
-524
5752
2883
-8331
6225
9129
-5008
4648
7920
-6481
5268
-1761
1885
-8345
500
6159
23
4907
740
7588
-9005
-1135
-5109
9008
8687
-238
-1786
618
1179
-4292
-873
6450
490
-3317
-4239
8731
8837
-6458
-8392
-9661
4869
-9613
5280
4885
8022
-3668
3
2493
-8307
1011
9145
4016
-2619
9113
2239
7137
-8269
8146
966
-392
2609
7494
6252
-5590
-8880
4901
2995
-3433
8645
-9188
-1853
-3901
2051
-290
-7786
2213
19
7841
-5715
-7408
6581
8585
9819
2284
-4416
4307
-8325
8085
3634
-5733
5322
-2777
-3253
-3858
6382
-1912
2925
-616
-7594
-4787
-506
-5769
-7990
-2627
-290
5470
2809
-2209
-8713
377
-894
3966
3858
2533
-703
9396
9998
-2076
-5240
-6551
2344
-998
1881
3428
3917
9225
7932
7801
-2427
9281
-874
-3230
8677
-1523
4616
2179
-3824
-2437
7788
-4612
-4116
-4380
-7581
-3330
-8180
-5639
-9805
1026
-7230
-9378
-8669
1030
7151
-6839
6
8357
-8138
-6707
-9525
8795
-5361
-5742
8147
-2254
-2955
2147
3106
-9693
-5601
5845
-8857
1573
9787
219
-6776
-6367
8309
-5714
-5014
-5584
-6133
-3139
648
-6961
236
-6908
-5916
-4406
4535
-4161
-8315
7225
-8290
-8255
8422
9674
-6658
-8524
6694
7862
-391
3638
-3479
-5068
8547
-5827
3630
702
4019
3029
-6348
8999
-6327
6088
4447
-3035
-7573
-4011
-1586
9380
-5853
643
-7800
274
7375
-5656
3392
-1441
-7703
9168
-6006
-4405
-9304
-9883
101
182
-6750
-8904
7670
-9372
3518
2825
-2573
8998
7627
9037
7047
-1232
9507
-2217
-5669
-5317
-1671
2309
-676
7277
5462
-412
-1030
1962
9406
-3479
-3765
-9074
-1279
-9291
-6628
2087
-2962
-4470
-7045
-858
6427
-8483
-4461
-5171
-7539
86
-6050
9888
-9488
1906
-2837
6783
6194
-8456
7420
-23
-9322
-9698
-7671
8838
-5403
8494
6989
-2472
8497
656
8832
-5645
889
9990
6078
-292
-3521
5917
-3331
2839
-6679
-7627
564
-8164
-7195
-6704
-1782
581
6697
5641
703
-6458
-1448
-5266
5869
-7399
-7241
7949
-209
1258
-6102
8771
7220
-7139
-3242
9047
-9788
5168
3024
-5844
3088
5467
2766
-2105
3195
-2980
-3511
229
-6686
8712
8135
6513
6738
7390
628
6885
-406
3075
-6929
-7738
3863
7337
-2053
-7156
4047
-3191
9028
-9395
-3689
-5662
3961
-27
2353
-8862
2528
2181
8840
6736
3125
-1615
7453
-5704
4853
7516
7795
9840
8662
1672
-4361
-8911
8134
9509
7963
4222
-7496
-2971
7900
5575
-2239
1386
-1040
-547
7669
6084
9116
-6857
-5585
8226
-3139
6837
-6273
7789
8793
-8402
4244
-94
-6363
6866
-8615
2713
2444
4612
-4694
8263
3496
-1925
-1097
5299
-6078
7884
9048
9755
-1583
-3987
8092
3837
-9005
2880
-7303
6428
-2345
8683
-2446
3626
6837
-2334
-4765
-815
-9901
-7516
-5576
3180
-3185
7816
9160
4294
782
2271
6930
-5091
-5133
9771
9139
5294
7516
-8265
7625
7936
8619
8092
936
-6748
5608
-7548
-4308
-7348
-7829
3467
-9326
4473
-2086
2626
-3799
2388
-8189
4501
-4165
6289
9859
-9849
2317
5327
-2186
-9628
-6854
4
501
9827
-2735
2887
-8445
8328
-4060
-4627
297
3421
4028
3907
-5490
3116
-8202
-6388
-4277
-7571
-666
8598
2869
2283
-6389
6415
-9150
1644
-8887
-5546
-9809
-2834
8395
-1217
-1372
-9973
2186
7594
6264
-2200
-4896
-8827
2420
4241
-4578
969
5313
-3283
2166
9375
-3566
-8475
209
3867
-9570
-4697
7682
-3070
1409
1866
-6518
-396
-5855
-3039
-1003
4561
4223
-8468
3949
2455
-2872
1973
-7471
-3812
2758
3559
-5711
-6927
-4392
6413
-61
8113
6071
2755
6805
757
-5065
-3491
2026
3930
262
-2289
-6741
3898
-6385
3293
-3662
5793
-4039
-7504
-7862
-5311
4268
3730
-2861
5162
-9523
1681
-1729
-953
7997
7663
-2828
9836
-5862
-2452
-6111
1935
-4934
6974
448
4199
2017
547
1231
6587
-3914
-2734
-44
-3006
-7501
3012
3029
975
6016
8945
-5127
-5257
6420
-2947
-3776
-6005
-4324
-6106
4034
-4026
-3008
-550
-2838
5728
7480
-4045
-8692
762
-5777
4395
3333
5283
7312
-3379
2242
-939
-9474
-8083
6551
7311
-2186
6871
-4030
743
-3785
7499
4360
-432
-4948
3078
3856
7062
-2702
6837
-7789
2971
8809
-2323
-7093
9242
3577
-5309
-4567
5201
-673
-5786
-9433
3857
-9188
3790
4592
8244
1180
7934
-2768
9307
-4195
4038
-9797
4191
4158
-9161
6970
400
-8971
-9881
5734
2890
-7491
-9914
6273
2227
-7768
-1595
-3157
-4236
3295
-2428
9351
-5231
7649
9743
-6346
-1087
1331
-9456
10000
-7112
5980
1806
-3597
6785
6099
7163
4171
925
-1851
5547
-5434
3970
7624
-7919
4030
4167
1502
-845
-4036
8869
9812
1235
-5420
-8690
-5846
-7933
6126
8626
-5400
9639
4610
3524
-4502
3656
-7266
-7453
7144
7582
5415
-1255
-8141
-8128
20
-335
1155
-1317
-2891
-8804
-3597
6296
5360
-7925
6248
-6711
-6499
-4182
-5880
5407
-5523
-150
-8859
-1597
8673
-928
-6015
-5044
6972
-8862
-9358
2788
-1285
4316
-4793
2629
1995
-6631
-5589
2855
-5010
6253
8910
-278
-4542
-2378
9480
2490
3479
-5900
3511
5246
-4649
-1085
-1388
7891
-2338
-996
307
-3118
-4491
-9344
1721
6077
7994
-10000
-9321
-6645
-1254
-4055
-148
2019
2874
2855
-3500
5556
-718
-5356
8500
3369
-9831
1952
-1223
-7366
-4993
-2246
3222
-4251
-3580
-3269
4129
-413
-2508
8828
-4249
2227
-8515
-5180
4038
3957
2714
-9037
-298
-9863
-104
-9611
8599
4657
2782
9386
-7969
285
-4072
-1142
2719
-1055
7896
3226
-4317
6295
-9309
8473
7459
-9002
2159
-6061
1551
-7549
6758
-8731
7236
-7746
-7082
2271
1404
-1606
6095
-2003
957
-1167
-7689
4574
7059
-3479
6842
-4935
1430
-7607
437
6622
-8842
109
3541
-1846
8213
-4167
-4795
5408
-9950
-1668
9726
-9483
-4507
1360
8090
-8080
2281
-1690
-3748
-6294
-7828
8057
1821
7541
-8916
1480
-6328
-2833
-7119
7789
-324
-3759
9634
7554
97
-256
8188
7101
-7747
-656
-5216
8710
7226
9593
6444
6076
5464
6490
-9922
5889
6042
3582
-9081
-2178
-4930
6070
3168
-5467
5582
-4919
-6334
-7063
4994
-2708
-3621
-4035
8497
-3716
6572
-8344
-3230
7025
-4545
743
-651
2313
3881
-637
-5559
-9888
-4525
-6571
7271
-5605
-706
8441
9401
2538
-9930
-3739
-783
-5181
-9318
-9224
-6980
5923
8470
-4604
8170
-9955
-4897
-3919
-3907
5998
-7593
-8876
8196
9571
-6244
580
-6913
8010
-7376
7740
3502
-7230
-293
4497
-3398
-83
7137
-6085
-3837
3563
-1926
6387
-2059
1575
-4957
-4897
1188
9430
-3084
9921
-3710
5384
8096
-4061
6111
6564
-652
-8428
-4607
8884
-4364
-7865
-9966
3400
-4525
-9664
-6811
-4551
8466
3672
5765
-364
9921
-3623
9910
2350
8282
-893
-4992
-2504
-4475
-8267
-5144
-4253
4881
3057
-4348
-9319
1114
9055
5758
6155
-9623
-707
-2047
-320
-2573
-726
-223
8477
-5751
-6264
7184
-7773
3339
935
-84
1656
5175
-9899
3955
1156
1903
-2175
-9935
-126
-5704
2266
3102
-9116
1743
4334
-5905
-2319
4051
7857
1072
-6288
2507
7476
-6310
-3806
4424
-5460
3286
-1438
-8470
-3540
-190
7684
1669
-7060
-5603
-4551
907
9856
6217
-7306
6632
2836
6023
1735
5179
-3970
1316
-8675
560
-8907
-764
-9279
8391
-3947
-2829
-3924
6857
5272
5903
-3325
-398
-3814
-3243
-1540
-7036
3533
-1283
-2578
5108
-9151
-1177
-7011
9753
-5881
7708
6740
5488
4807
-1198
-756
-8492
8320
974
7892
-2387
-9478
-1685
8201
251
5491
-3374
3317
8898
9281
-5075
-2019
5508
-3403
8712
-7396
8362
-8118
-1471
4013
7645
5168
2739
7941
5656
-7621
4637
6918
-6081
4436
2561
-6880
-1726
9537
5216
5133
5431
-3498
-3324
-6637
-9988
8285
-7793
9889
-9089
-4701
-2164
-7854
8172
3509
-4790
-865
-8702
8288
-4505
-8050
3998
1952
-4297
-116
-6616
2545
9019
-3450
-3523
4533
2017
-7388
8729
3875
-1937
-4548
8155
-6365
-5229
-2479
9852
2638
7312
5942
-3899
3649
8829
1439
-2681
6820
1240
1667
1849
-1471
8051
819
-485
-2756
4000
-8834
192
8146
7817
7414
1184
7751
2779
6630
5534
4926
1595
-3718
136
-2527
-5307
-3343
-7620
9740
6496
-4022
9723
71
-1072
-8345
-3128
-2907
-2591
-3210
-8698
-1170
-6887
-9699
2812
6817
-6427
-5515
-6709
-5153
-7930
-3692
-239
858
-864
3641
-5651
-6555
4733
-6325
7069
407
-2187
-2222
-818
7270
4022
-5711
4192
8472
1572
-6681
-8657
6059
1240
1294
6867
-6151
1516
-1175
-9253
-3271
-2797
-5955
-4558
-8540
5397
3226
-9435
-3382
967
-968
4027
1479
-4896
-5728
-899
-2432
-4270
-8494
-5082
3504
-2894
-3191
5472
-7488
7504
-7268
9655
-2671
2502
5466
-6243
2901
-6875
6025
-126
3636
7303
-7652
9173
-9449
5872
7293
5765
9755
-7525
5586
7306
3363
-2880
-9407
5924
-1557
-556
-2439
-7358
-4867
-1644
-1089
-7695
-1585
-7049
-1443
8939
-6537
3410
2740
-8967
6426
7947
-8592
-6057
-9472
-9335
-7199
-5031
-5359
-8939
4467
-3911
8151
7351
-9983
-4244
514
7122
-9665
5985
4508
-5989
7159
-9463
7212
-8145
-9589
-6783
6531
8369
-7042
-1725
-1509
5985
8959
9025
92
-116
-3134
-2696
-6083
-280
7846
-2952
-3107
-5140
7163
-5251
-9400
1872
552
-9901
-2800
-6011
-9595
3598
3628
-3680
-8450
-8745
-6297
3138
7660
-7417
4499
-9929
4137
8521
-4759
20
1266
-8273
-6654
-4262
-9471
1070
1900
9888
-8730
6845
-9883
-3597
8778
939
-9558
7389
8736
-9655
-6010
-3004
5468
58
673
-2293
-8693
5104
-4415
-3730
590
2721
4913
8529
1644
343
2188
7843
-1286
7676
-8156
-1322
-5198
-1801
6008
6751
-8417
2866
2392
5456
-1071
3090
93
-1219
-1581
-3501
9653
5017
-9997
787
7306
2524
-4974
913
-5997
-4735
3489
-65
5649
9519
-8042
9031
-9044
-9158
-2119
5656
6790
-9282
9664
6923
-8344
1503
-7407
-8294
2868
7298
8942
976
121
-7603
1095
8525
-2773
-1880
193
-4234
-4746
2939
1224
-9034
-9833
1659
-4912
1470
6198
2699
-1273
-5460
6147
9673
6158
-187
4239
-3869
-9656
3097
-7207
-2525
-4139
-5223
-3754
5885
-6041
5627
8384
-583
6437
-4034
4259
968
7799
6419
-990
-8768
-3837
979
9189
-6056
4073
3444
5195
6381
-8911
8089
-6897
1585
-8260
-8805
4798
6559
-7764
5594
-8646
-459
-5917
-7036
5233
-2800
3091
7133
-7541
-7229
3433
-6403
5013
-914
-7124
4921
-791
-2036
855
629
2159
8464
8241
-9122
-144
-6799
732
-1735
-1709
-5909
-4721
7283
-9898
-5588
-5210
3120
-9444
6471
5724
3626
-9775
1839
-9292
8560
4098
-3313
-9398
5476
-37
-5293
6727
5740
6157
-6845
2291
-5998
2978
494
5952
-619
3972
-4985
-9633
3944
997
873
-2693
-9659
3247
2173
1318
6042
5146
1513
-7077
9330
-4398
-9561
6758
-2143
-6316
-2798
-4615
-6941
-1559
9209
-8999
-9698
-4587
-8182
-9534
-6369
-279
2049
-9291
1587
-9207
-5072
8850
-5303
-3027
-3022
-8840
2583
1033
-240
-8730
-9348
-9203
417
-5038
-151
-3694
-145
-931
1659
-1987
5648
-9641
4882
-3472
1843
-4039
4913
832
-4651
2000
-9184
2604
-2646
8920
-8937
9406
7319
4948
8856
5132
8
5452
6976
6879
1137
-3514
-3095
-7419
-247
-3000
-8095
7030
-6601
-2518
-9310
7799
1393
6517
1729
-1851
3019
7988
-6821
8378
-7486
-9900
3062
4210
5330
-4469
-9500
5553
4663
659
8044
-8637
8554
-6555
-1329
-567
9442
-9804
-2280
-5032
1954
3562
-3691
4513
-1897
8532
2455
3464
3756
3880
-9192
1743
1060
-8525
-1961
-9352
5766
9538
8940
4485
-6064
7995
-902
-3194
6145
-1486
-8509
6958
-9521
-4274
5639
282
3778
5243
-3592
1656
-9857
7690
-9086
9778
-5544
1065
947
6815
7789
1538
29
7597
1310
-3220
-1903
4185
-6312
-3176
-9136
7948
7689
-9551
-1613
-2576
-186
1252
7016
-7267
1818
-3448
1150
-8807
8037
4717
9976
-557
3868
-468
3310
4091
2952
9438
-6733
9164
-944
3727
-1002
-9914
-991
-4107
4308
-6311
-4122
4219
1534
1579
-4188
9288
8268
2265
-8352
-9132
-5965
-8749
8538
-7053
-9069
-9536
4798
-5008
5837
-711
-4230
6136
-5099
-4495
-5901
-4649
-1691
3693
-7414
-1171
8404
-5703
690
1319
5612
-7257
5010
-9899
3794
-6175
6064
4262
-9092
-576
4129
-4941
8149
-1678
-6826
-2736
2057
-7407
2582
-4915
518
3882
-856
5348
6016
4925
-8740
3600
-7885
4037
-8269
-4404
-6381
1776
-9501
7324
-4735
-3147
-4930
-7425
136
1035
-848
-4875
1374
-7933
3566
3549
4139
6997
4320
5934
4479
4601
-4413
-4451
-6057
-8646
3871
-926
531
180
-5755
2689
9479
6972
9204
-6658
-5726
4644
1437
-7441
4354
9407
-6597
3581
931
8609
3968
7552
-5405
9608
9603
4883
-1149
-3765
-1832
-4744
8005
1394
7460
-1677
-2289
-3747
3233
-9084
-6415
-2438
1379
5860
-5326
2970
1045
5734
-4133
4214
-8773
3073
-2241
8099
-5780
4291
-1284
-4549
-3867
-9552
-3629
-3984
-1777
-8507
9604
5246
-8141
7737
-9349
-8875
-7375
1791
-7473
-9823
-644
5231
3170
7200
-7126
-5363
8675
-8048
9008
-7808
-127
-8033
-6896
6155
-9847
-2135
2465
2622
6578
5506
-5493
7342
6187
-5533
8601
-1369
-2766
7097
3136
-8248
3779
5906
4942
8852
5075
-7060
735
-527
-9831
-4865
-5689
-8453
2631
3341
6918
-7052
2166
4231
-7311
-6374
9764
-6468
-577
-532
-8638
-7402
-5962
-2088
-8813
-2429
1531
-9399
-7100
2874
-8049
7794
9315
401
7434
2928
-1992
4337
3649
-7162
-6529
-4258
6093
1180
-1589
208
8852
-8736
2364
-6057
-6589
1913
-2414
-8827
-2258
6938
1701
9453
9846
8055
-1261
3073
3265
3439
-9248
-7563
-997
7246
-3531
-4100
-8536
-3460
-3932
7524
5164
5972
-9111
6709
-5121
-4074
-8704
6361
7496
-9936
3154
7198
738
-2821
4609
-7061
-3712
-5751
-9076
-8649
-2755
-1146
-6721
7070
-2023
5085
1889
-5028
-9468
6975
3099
2711
-593
2398
2141
-2438
-7850
-9645
8658
-7154
9435
801
5891
-8181
9894
-7495
2382
-7495
4631
5060
-1591
-7963
5729
1022
-6848
-2558
-9252
-3316
7166
-1693
-9041
-65
7190
6635
-6330
8644
9948
8065
-2227
99
-452
-6866
-5044
8679
-2190
1320
-1136
-8114
-3188
630
-1647
-2223
7061
6364
-4217
-9691
-3917
7185
-8425
-5259
1794
7302
-3639
3355
9164
9595
264
-1469
6374
-1735
2762
3228
92
-4025
-1544
-9207
5475
-8419
-322
3522
-5377
-8168
1385
2901
-6552
4267
9861
3406
1786
-3861
1233
-3479
4485
-4106
-1062
8205
-3739
9730
-1645
-7001
-94
9843
-212
2957
9699
-6097
-7349
6376
-9239
5321
2463
5335
8688
9589
-2388
-3704
-5455
4797
-5419
1231
-1602
-6896
5832
-1557
-1365
5023
566
-1599
-7735
-7328
3573
5583
5937
-6315
6873
8963
-8053
1232
364
7845
1937
-8196
-8093
-3499
4234
-6124
9035
-7931
9844
5497
9779
2784
2323
9262
2138
-2993
6389
3634
-8762
7749
2628
3787
-6884
6729
9919
-3281
2675
-4237
4677
-9070
-284
-1310
9448
3215
-5357
1399
-6552
5966
-2317
5298
-7628
8445
-9474
8157
5731
5063
-4669
-1843
1053
-478
150
-673
3178
-7354
8316
-4952
2737
-6995
1342
-2757
7639
-2288
-7391
7853
-1664
-9062
-2243
7102
3725
4240
-6447
-519
7741
6051
-3087
-5852
6609
-7190
-2489
4994
-9595
-2200
-7872
-4539
7883
-2948
5828
-2514
7324
7587
-7637
-3201
5562
-2027
1737
-9557
-2414
-6203
-5629
128
-5058
5667
-7718
6150
-6981
-2202
-5781
8992
-862
-8416
-8630
-1151
4470
4328
-8510
-4657
-6357
-5382
-1487
-2294
1248
-1657
8976
-9084
-2711
7504
4269
-1036
7912
8048
9304
-7683
5071
9631
462
-2169
-7282
-4306
5367
7720
3181
-2283
-1615
7314
4735
9192
-3653
5305
2813
3310
6626
1650
6399
-4804
-1144
-2799
4072
-8283
4120
5031
7142
-1858
-9848
-7353
-5967
3399
266
4334
8304
3649
-7935
3097
-7315
5002
-1561
-3552
8150
-1733
-3564
-3787
-9663
-4269
1008
-7493
-1259
-1700
-663
-8785
-5510
-9738
-5931
-8998
-7784
-6806
-2241
-4588
-1545
6059
6433
-3306
7296
909
4395
1847
-4551
-5268
-680
-8812
-4605
3397
-7316
3840
-9623
3357
-4974
3838
-2956
-9680
8247
4300
6925
-8829
-1537
-7345
-2840
6009
-9756
3495
413
8236
9993
6204
-5338
-3998
6240
-3382
-5477
163
1468
8039
-7463
5678
-3580
4232
1869
5239
-1357
-63
5945
8426
-1721
-5257
3415
-7884
-4561
-451
-9179
7643
5587
-7548
5149
-3191
9554
-8999
5419
-4563
8723
7510
-1947
-6795
-3132
-7761
-7319
2427
6886
4586
4276
8009
-6054
2173
7779
9464
-1309
8352
6948
3553
-8663
8557
-3437
-4745
9001
-7473
6143
-7545
-7276
5696
2790
4874
7522
7392
1633
4547
6947
-3192
-9406
5127
67
2192
-1720
1129
6107
4467
-4382
-6761
3042
-2580
8854
-4902
5043
-1810
-4055
1792
-935
6713
-7404
8447
8207
-6703
-2791
-6049
9190
4622
-9055
-8915
9002
-1893
9153
5976
719
1962
-9724
-4799
-9721
-3607
-7538
-84
4145
442
-8296
-9390
164
-1529
1169
4802
5853
-451
5568
2710
1477
-6297
7249
-1699
-6738
-5555
8623
-7
9058
-429
-5756
1826
-2619
-8649
4338
-9636
-6906
6167
179
-8520
-7213
2570
5009
-2155
8792
3149
-7693
-8376
-1656
5323
-1518
9292
-1751
-8929
2864
4427
4100
4874
-7481
-6379
-7559
-4935
8443
-4507
-8447
-2766
9477
7083
-8162
-78
-847
-8997
-4516
3586
7003
-7453
4858
3045
7700
-7380
-8429
-1192
5806
-7848
-3916
8321
804
799
-1855
-7430
1994
-9633
6304
6166
-3841
1254
-9375
-6107
-6565
3602
-8505
-1184
-6394
3747
-3013
2168
-2352
-7506
4410
8701
-5753
-905
-9083
-9957
-8685
-3309
608
-2928
4561
-6674
8272
-6427
7568
7145
-502
9658
-1783
-5620
2672
466
-5676
-1721
-4567
2097
1780
-1640
2522
1466
817
6065
-8996
-4755
227
1645
2017
5031
953
-7122
4146
5845
-2047
-4581
-5020
-3921
3338
445
-2081
572
551
-9811
-7697
8578
6169
7579
-6481
4431
-4111
-664
5821
4053
2698
-1482
1819
-328
-2673
-3368
2062
4059
-9185
9743
-5749
-1843
2219
2929
-2482
9183
-3338
-9922
-8592
-4663
-5381
4140
-4639
-6510
-5684
1551
6511
658
1697
-1698
9688
-4530
-1395
-7262
5405
4034
-7087
8638
-6261
1585
8589
-8737
6279
-5782
-9535
-4580
9303
1997
-3906
-8003
4349
4814
-1606
-3436
6813
6901
6541
5425
9567
7072
4279
-8596
8182
5672
2950
-6029
-6816
2303
-5681
-1464
-6333
-2757
-6043
-5657
-7217
5814
-5297
-8841
1415
5557
1752
-3353
-7620
-5568
5444
-2073
2817
-4318
7543
6254
-1848
8435
-4956
1788
7402
6151
2721
-5850
-2802
238
-3312
960
7622
-1259
-236
6634
4535
8015
-2150
-860
2179
-1117
-3230
-6521
330
180
-982
7102
-9106
-6602
-2458
7445
7827
8524
2405
9870
-8443
9995
-3689
-4271
-4427
-9918
-7795
8371
5564
-196
-2279
3286
9760
-9868
-8217
-672
-8600
-7362
5246
157
9161
-7493
-15
-5613
794
4124
-2395
-4089
-9302
-6262
-8195
6999
5698
-9926
5346
9135
5712
440
3377
4299
7758
608
7959
5362
-899
5820
7395
6601
3749
5080
-822
6214
-823
-7575
9215
6792
8823
2535
-2668
1527
5409
-6175
-1035
6866
-8315
-9380
-2369
-732
2936
6598
3190
-6048
-8339
-557
1411
-3020
-1359
7143
8136
-9040
2142
5591
-2457
2320
8577
7503
-1807
5157
6056
-798
-4167
3898
4573
4332
4834
7585
-4665
7343
8302
8399
4255
-377
-6229
-4869
-3374
-962
-7866
-8256
5542
-4944
-7372
-7697
5895
-5170
5349
9006
-1681
-6514
5866
-1645
694
-6746
4712
-9109
-662
-2478
1799
-8912
3225
5891
8331
-468
-2250
-432
7484
9528
3015
309
228
3773
7291
1673
-4422
-5390
-1949
-8468
5082
-4537
9416
-2013
-4784
-2186
2395
4128
-443
-406
-1953
-9573
-641
7945
-7720
2538
5509
9358
6730
-8082
9988
5750
7150
6630
-9116
-9676
-1675
-109
579
-8174
8437
5082
9900
4589
-1953
6250
-1891
-8163
1650
-3739
3761
-5251
2199
4454
7222
-9186
231
-7899
8018
-6594
8228
-7152
-86
-8980
-7587
-6367
-3834
-5570
4662
1411
-9817
-3807
5567
-1640
8583
3071
-5344
-8069
8896
-2530
4217
-4301
6909
6806
8043
-5901
-4073
3048
3657
2536
-5664
2932
-4387
-7270
4798
-2444
-9107
-1006
3573
-1684
1683
-6988
6372
791
3593
5697
3375
4534
5302
-9397
-2910
-3615
7900
2869
-6307
4910
1310
-3156
3273
7968
-4515
5206
3991
-4800
-2633
-2444
361
2609
8885
-3680
2700
-8656
6304
1748
-179
-9999
9394
-8108
1209
5986
9724
6186
1233
-2876
-4069
9472
-2089
-3446
-7566
-1899
-2241
1953
847
7463
-2220
9289
2849
2099
4105
4748
2934
-2425
1801
-9220
-6603
3860
3278
985
-638
211
-9827
-8434
-1088
2349
1636
6538
-205
-6296
2318
-9408
221
7738
217
3193
7524
-7271
-3843
-5904
1811
6099
4871
5647
-1021
-943
-6696
-1180
5938
5105
-6073
2431
1072
-782
-3802
-6673
-9295
2654
-9549
-33
-5397
2747
-7765
5314
8392
2146
7463
52
-273
-4968
8185
3205
149
-9947
-2559
1460
-8665
6048
5434
-9958
-4729
-8202
2403
7455
186
-8282
4919
-49
-9057
-7021
-6729
5121
-6842
-4712
-8452
-6835
-2346
2100
8713
531
7617
-2765
3542
1438
2695
1979
-2077
-1474
-3659
-2344
-3934
-8327
-3439
4971
-294
-2651
-7886
-3962
-4203
5101
-7608
-2077
2727
-5940
-8072
-6167
9494
6203
6741
-7396
4655
5683
-4015
-2717
1865
-3419
5757
106
2507
5041
5613
-1439
6142
4183
-8737
-2728
7107
7467
-2586
5705
8265
5908
6735
-5176
-5345
6777
7366
-8453
-9386
885
-703
3519
-1064
4818
-9289
2385
1722
2984
2065
-4192
-3232
1377
-6572
9107
8172
-241
-3423
-2660
-9942
8050
4516
-4269
4208
1921
1075
6025
-1606
-9179
-5231
1507
3499
6083
-9985
-9490
-5646
4918
739
-4874
4151
-9716
-4821
-55
7556
8700
-8330
-2294
2896
4960
-6527
2913
-2713
-3371
-7617
-8616
-6176
4139
-1028
-6637
7103
-2067
-4905
-92
-3353
-8506
7147
-3932
-939
3505
9597
-6911
-6435
1866
4319
9212
7939
-9153
5861
2409
352
-2902
-3583
-3794
2726
-2134
5439
5688
1436
-9488
-9992
4829
-7820
6302
9154
-3537
-2088
3531
-2074
9073
-1192
-604
-184
-6008
7944
-6537
4540
-6436
-2340
-9657
3445
5738
-452
9750
2515
-2122
2927
8728
-1876
8691
7869
-7048
-9994
-537
-5491
7904
3692
-7426
5986
6455
-6903
-8476
-5100
3605
7995
6615
6770
3633
1475
5629
-1371
5506
-2612
-8952
8810
4941
1124
-3811
-2490
-8757
5348
-4926
-2255
-7800
-6003
1474
-3208
-3721
-7120
-56
-8454
-1524
8712
-1065
-4568
-8959
-3443
6248
-7930
-2002
8371
2984
2214
7428
-223
-6891
-2813
-7161
-2385
4041
-7692
8424
-8252
-114
-7630
-5794
-3663
-1793
4943
6588
-708
-8273
6345
9140
3230
2375
-9896
2741
8335
-1924
2698
424
-3392
9101
-1203
5942
-2142
2809
5912
4548
567
-9392
1677
-613
-6620
-6457
-5399
-1844
5255
-7478
-9288
-1480
5265
8231
6776
7228
-6258
-1820
9385
1294
8548
-1724
-3910
-5337
5819
5465
1262
7370
8747
9282
141
6191
976
-3137
3372
3870
-1878
-2616
-9640
-956
7823
-8892
-9833
-2215
3272
-3657
-5802
2622
-1469
-5274
-7457
-5424
8858
-4776
-5726
-4061
-345
-8920
-2991
7183
-1955
8427
1909
-9210
-6007
-2624
-4246
-5327
-9639
-2607
-9284
-6509
-1787
-4072
-5468
-7914
33
1432
-8319
-9803
-5606
-3778
3895
-7233
2246
1599
-9208
9354
-9215
1654
9643
-8256
-4763
-7317
-6240
230
4828
-4385
-812
2755
1174
-8352
8178
-8090
-7632
5782
-7159
2513
1324
-2123
-3872
-6363
4092
8144
-4052
6884
9064
8654
4624
7672
-5771
-4686
8159
-9522
65
-3251
3607
-3090
-8559
8578
-6690
1740
9465
-9272
5048
4105
4083
-6507
6977
3994
-7014
4825
-8295
-3092
-4312
-5415
440
-2586
-3941
-6406
-9231
-859
9028
-7223
-7770
-265
363
-1879
-4964
5226
5444
8895
-4113
-1324
4606
4031
-9055
-2850
-2295
7583
6029
143
-9813
-2442
-9144
5432
3182
-4930
6606
5717
-7550
-3477
-4735
-8415
-4996
7550
8730
6905
6793
4573
-5667
4787
8966
1563
-3491
2889
-2900
-4866
1261
-6139
9409
262
4747
-360
3575
-2347
2389
-9123
350
4907
-9571
8150
1634
1922
4162
2428
2771
-6013
8166
9044
-8226
5271
-2922
-5083
-8460
5623
9713
1662
-4032
693
1442
7725
4924
-6128
5562
-2818
5798
-9605
-7238
-1294
-4984
9454
3988
-6035
5162
-8117
3591
6954
2016
8764
-9424
-381
6137
2924
6791
9050
-1291
-8427
2652
-4026
6415
-1026
-3646
7730
1051
8727
6112
-4331
8356
4978
-939
-2197
292
-2980
-2384
-8540
-4501
90
-7646
8311
-7131
517
-9611
7231
5491
-7090
6683
4520
-9649
523
2387
8048
3163
-4209
-1240
-3411
-3415
-6639
3874
1038
1724
2700
-585
-4563
1376
-4865
9337
8977
-1745
-3159
-5442
8464
9951
-6187
-7362
1580
4404
-6947
4391
6635
-3373
184
1524
-8417
336
4661
-6456
8326
1552
-5620
4412
4384
3177
3347
7488
-8871
-1142
-3620
-7668
-3049
-3605
-2638
5990
2039
-3343
2047
8941
-688
-9606
-871
2893
7795
7083
6585
6596
5235
6319
8101
-6371
5402
-9471
3963
8849
-5345
6048
-3058
864
-699
8990
89
-1824
-9771
6860
-6011
8197
-9239
-1057
6655
8498
-8238
-9981
7081
2719
-4243
-5172
5713
2781
4620
6386
-4537
3621
-3097
-8689
3603
817
-5838
-5192
2812
-7167
1725
7637
-7785
-2662
-9452
409
-3773
7213
-7333
5391
-347
1366
-6166
-675
-3588
-6429
9766
-2665
-9521
-3902
-2269
3493
6422
-9184
-5593
-1083
-6390
7059
7305
3702
-590
-5963
-2424
-3665
965
7129
-3725
-6233
-6642
621
7295
920
-5102
652
-9766
9003
2831
-7387
-5904
4606
-3083
-6728
-9392
4241
-2781
9601
-8270
-5596
-2226
6660
-9289
-3166
1544
7486
1942
530
-5150
-8121
-47
-8131
2583
2601
-5511
5320
418
-1930
-152
788
-4932
-5928
9465
7385
6819
-679
-7650
2405
-9575
3454
-8648
8608
7052
4469
1096
8851
-3466
-5110
-193
994
6660
-7447
-6943
6860
5682
7498
8312
-3497
-71
-6010
9550
-2973
-8912
3963
3612
9042
-1564
4580
-7314
-8484
9558
-6742
553
6421
9170
474
-2456
7911
-5938
9792
4752
410
-5523
8780
-3810
3891
-5878
-2916
-5842
2386
5386
6645
-4121
6692
3022
-8481
6831
8484
-7709
4503
-5450
5405
7650
5142
-1147
9697
-5205
-4807
7173
9548
-4966
4010
-2148
-1932
8825
5775
-8485
-2937
-5022
7112
9118
-867
4276
-5619
-7520
-5716
6662
1672
1769
-7286
6708
2299
-628
-4180
6636
6642
-5495
-5788
2365
-56
-4226
-2564
-8245
5065
-1710
8791
-2838
-8418
5074
-3346
1566
-3750
-4300
5468
-7969
-7820
7758
4102
-5730
-828
-9317
-9859
7333
6522
655
-5053
-6821
-1199
2811
852
1013
-9693
8746
-5266
-2104
5313
8807
7008
-9698
6138
9110
8769
8078
1816
-2047
-5271
-5200
-8168
-9567
-3916
-1206
-9862
6071
1259
-1570
8391
521
-4958
3508
8073
-9811
-4877
4357
6906
-9006
-8382
2917
798
-3297
8413
9991
7860
7433
-1233
8096
-779
-4917
-2902
-4963
4335
7497
3491
5523
-704
2586
2335
-5408
9661
-4421
9798
8189
9687
3840
-2963
-180
9425
-8915
-5705
-8517
6877
8126
2261
6176
-2172
-8966
-4593
3553
-9893
-7469
7056
-338
2225
-3278
4406
1399
8083
2489
7448
6951
-8315
-9754
4893
5611
-3051
-3821
-5060
-9951
6491
8991
-9153
1403
-8449
-2752
-9649
-5371
-1058
-5952
-286
7409
-2119
-5317
-7645
6223
9433
-7690
-3744
-4655
7018
-2337
-7043
2621
-8075
1559
2466
8787
8820
4263
-803
1280
1799
-2215
449
496
-6695
3938
-7274
-6065
970
4847
1398
-5452
-8398
5622
-2625
2435
4918
330
4158
5999
-9575
-5109
7610
4218
-1801
-4633
-283
-4075
-5350
2187
9876
1540
7332
-5612
-2149
5814
-6297
1487
-4460
2054
9534
5215
-7981
7020
1309
-3185
7846
1009
9305
7808
9353
-6351
-8862
6139
-4742
-9571
8044
-6965
-9056
-9129
3020
723
3389
-4686
4563
977
-810
-8824
4944
6584
2262
9217
-5419
2164
-278
6731
-1644
-6377
6319
-8417
7452
-2564
-6956
7388
7637
-5363
4439
7540
-4487
4318
-9557
-5751
5796
6899
4666
1152
-1569
8938
-2836
-9296
7954
5239
-2691
-9754
-345
2147
-629
-8055
3110
-2265
-5010
-8338
3815
3282
7234
-7612
-785
3787
-9699
7438
5508
71
5676
-4286
-1590
-7184
3192
-5982
8273
1067
2712
6352
7977
658
-6599
554
-4469
-8866
3947
-7623
7964
-5900
9867
-9731
-3008
-723
-5112
4220
-9280
-4857
-825
-3167
-28
5302
-6190
4605
7571
3641
5274
5184
-209
5495
3023
-2677
8028
-282
-4626
3942
-4072
-7009
4745
6312
-5977
7466
2960
-8488
1457
135
-2964
3891
-2057
-9291
-5266
6484
9485
-518
1489
9386
-9127
9183
2229
-8378
2587
-6374
7622
6848
-6357
9699
114
1978
-7487
897
-30
8643
706
-8232
-5487
3612
1679
-6817
666
-3114
-185
9003
-2278
-9952
-4019
6271
3600
-3808
-2734
-8963
-9693
-9020
376
1439
-7969
-9697
-5490
46
3504
-5271
9359
916
-5541
7215
-3089
-8230
-8987
2853
4075
-5732
6756
-4492
6633
4105
-7999
-9330
-8569
3590
5407
-7430
-4761
8447
2254
-55
6390
-748
-4157
-8345
-7527
8572
9331
3508
-8669
-5600
1766
2638
-2802
2221
3135
9601
3618
-1877
-3420
-9027
8998
9662
3580
-725
-142
-1322
2538
-3812
6241
6692
-4122
4414
6287
-3189
540
-455
-6506
-6026
-3020
7881
5079
7291
7442
6159
5163
-7414
-9995
5675
-5973
-85
-4947
3306
-6352
3282
5214
-7185
-9377
8835
-9498
-4688
9307
6713
391
-5120
-7160
356
-8443
-663
-9176
885
-8383
-6653
-1297
-8544
51
4974
4920
-551
-6462
5737
-7892
-6767
9458
3976
-568
8974
4341
-4648
-1078
3076
